24 28 17 59 27
7 31 33 8 63
12 16 27 31 18
26 80 33 61 41
84 46 22 77 80
43 28 30 29 41
30 31 61 35 22
21 43 31 12 38
18 59 95 16 29
21 28 52 72 53
59 17 39 28 22
8 25 18 29 2
80 49 30 46 43
44 68 62 29 59
16 29 12 43 17
15 38 53 12 68
26 82 39 21 7
21 30 44 17 16
22 41 68 72 19
8 18 22 19 14
18 25 22 16 44
53 44 43 10 18
16 17 46 27 10
38 59 24 26 29
17 13 18 40 8
5 15 71 10 21
15 23 12 27 47
10 17 30 16 47
21 43 16 14 53
16 41 47 28 35
59 63 30 72 7
46 12 1 62 17
14 18 24 53 28
12 14 28 21 27
23 41 21 26 43
2 24 28 33 18
5 12 18 25 28
1 25 26 28 9
1 30 28 44 29
25 18 14 7 21
42 18 17 34 63
9 18 46 28 47
69 58 46 1 22
8 1 47 55 27
8 24 15 16 17
21 62 30 7 41
17 27 28 41 19
29 18 26 4 24
43 38 15 17 12
28 59 56 70 29
38 72 15 48 18
41 53 10 30 48
41 26 46 10 14
31 114 43 27 21
59 12 57 10 43
17 16 1 7 14
39 10 23 107 28
39 16 64 25 44
55 22 44 59 18
38 62 25 28 46
12 43 21 22 24
65 27 15 20 22
46 59 31 1 8
41 30 28 1 21
12 31 2 29 21
41 7 10 16 38
41 24 75 28 29
31 25 59 43 14
114 33 90 13 58
38 8 19 63 1
38 29 26 5 39
49 25 60 33 27
17 16 9 25 23
23 25 21 24 31
17 43 16 59 42
42 46 15 14 63
42 29 60 38 56
46 22 14 17 61
18 10 31 23 27
17 5 53 29 43
10 63 38 8 81
15 6 17 7 29
62 46 28 38 41
28 64 46 31 29
17 22 18 60 108
9 3 31 10 23
12 39 24 25 49
9 14 17 29 21
38 23 15 25 2
59 24 18 62 43
23 28 10 27 41
22 59 26 43 33
38 2 10 4 24
17 28 63 24 30
22 25 69 67 10
34 13 49 44 63
46 30 21 44 29
17 21 8 18 60
31 51 47 59 27
29 44 43 26 12
