62 12 85 38 59 60
4 38 2 22 82 10
86 8 22 30 62 59
18 17 64 88 43 28
39 41 30 31 47 1
14 8 27 28 10 43
53 44 43 72 63 41
61 1 63 8 38 39
51 8 24 59 16 12
14 25 8 16 15 12
5 31 43 27 39 14
34 19 7 59 55 17
41 43 27 8 21 14
80 72 31 47 38 18
8 25 29 27 21 26
22 8 27 61 28 64
35 23 60 19 43 31
60 29 15 56 1 26
63 21 75 8 73 18
60 29 26 41 56 80
31 15 22 63 18 16
28 41 24 59 38 60
75 31 60 22 12 61
41 26 35 25 30 23
84 29 59 8 67 18
19 39 38 29 15 31
30 24 16 17 22 27
47 28 10 30 5 35
30 27 24 29 38 26
7 31 42 43 27 59
43 81 38 63 80 21
12 30 22 24 14 62
60 29 25 41 26 27
18 22 16 43 17 46
82 41 38 61 31 28
39 38 47 14 27 29
77 5 16 29 42 27
1 23 8 12 31 53
30 23 16 38 31 34
8 59 29 31 22 43
64 41 31 1 80 22
16 7 13 38 14 23
10 18 28 1 27 41
17 38 27 56 50 14
12 23 31 8 28 33
41 31 8 28 24 67
21 128 1 25 18 29
27 63 31 59 46 12
39 7 12 10 8 21
38 25 31 30 41 60
56 33 30 21 63 58
45 31 39 46 62 75
31 16 21 60 44 26
24 59 21 18 28 8
29 22 46 38 31 17
27 12 36 63 25 41
43 41 24 16 35 28
14 17 29 53 21 41
29 14 1 22 35 18
1 43 5 16 29 8
12 44 2 25 46 28
15 59 1 60 26 27
16 17 67 26 60 22
63 31 27 30 16 17
72 27 12 8 29 59
23 27 21 24 15 28
19 74 28 15 47 43
31 12 59 60 43 38
21 43 82 44 18 27
29 72 80 16 63 23
43 28 80 29 60 21
23 53 16 22 24 30
17 21 16 61 14 60
10 29 59 15 22 14
8 27 60 46 17 14
43 48 21 35 17 30
38 41 12 43 25 60
31 36 25 41 29 21
43 63 14 18 7 31
18 14 29 12 25 19
21 59 63 43 86 29
63 34 19 51 8 24
41 26 1 31 38 18
1 16 30 23 10 21
24 38 31 59 29 63
64 38 6 44 59 15
16 61 39 66 14 1
43 36 33 59 15 25
31 23 26 53 21 22
18 6 10 43 42 14
68 80 48 43 15 8
18 47 17 52 15 25
53 52 58 15 24 81
17 33 53 28 43 21
65 31 22 30 74 82
43 53 10 1 24 29
25 12 56 14 55 8
16 17 25 18 12 22
16 75 10 18 31 71
19 1 22 17 21 31
