28 61 17
41 26 1
17 31 14
25 31 53
16 18 60
25 77 13
26 28 17
47 24 83
24 27 3
12 77 82
8 16 10
16 2 8
21 23 17
63 21 29
31 42 104
18 73 68
56 63 16
24 58 10
25 14 8
59 19 14
14 83 43
63 64 25
15 31 18
156 73 27
46 17 16
62 25 92
22 5 43
10 14 26
24 35 1
7 24 2
27 71 41
31 60 27
51 57 41
15 30 25
1 12 77
20 46 10
43 63 38
62 14 21
14 25 21
63 12 21
44 9 14
49 8 16
15 14 22
38 12 29
45 41 8
59 15 55
29 27 25
14 21 2
76 24 23
39 41 12
72 80 5
60 17 39
5 51 22
82 56 48
10 27 60
30 24 63
16 28 86
71 15 102
25 12 38
17 29 75
61 21 28
14 56 63
27 60 12
80 8 24
14 21 27
20 28 21
35 13 24
8 43 15
39 30 14
30 17 29
18 43 21
59 46 12
60 10 58
111 31 2
14 43 39
16 15 17
59 23 31
77 16 51
25 7 94
145 23 8
8 12 31
30 13 43
26 29 66
38 63 12
31 25 80
12 61 28
24 12 27
35 30 38
29 31 36
21 17 24
43 30 59
18 80 17
12 60 123
31 41 65
48 8 28
43 46 24
55 21 23
9 7 29
12 28 64
5 12 28
