22 16 29 21
18 29 27 28
1 38 43 59
13 12 43 10
17 8 60 59
53 56 16 10
43 18 33 15
7 42 13 47
31 8 22 28
17 75 34 38
61 31 25 27
26 30 66 21
25 21 23 31
42 12 25 31
26 80 62 43
16 43 25 22
53 14 27 17
46 25 44 7
27 51 47 31
12 39 52 60
18 25 12 61
4 44 39 27
39 12 33 43
26 59 20 29
16 22 27 8
28 1 8 59
31 7 43 41
38 1 31 43
63 42 12 25
30 21 18 39
10 15 12 76
59 47 62 31
8 69 16 61
30 25 1 15
26 28 55 38
39 17 14 16
16 46 31 17
29 84 56 17
25 2 31 17
82 41 21 16
69 17 5 39
46 38 41 8
43 45 47 44
17 28 59 15
68 75 80 46
28 46 16 59
12 68 66 56
1 53 57 21
49 22 29 17
48 12 5 27
24 28 8 21
12 18 23 28
80 19 60 5
41 58 96 59
25 30 29 12
21 17 39 43
18 31 39 10
39 86 44 18
46 24 16 61
33 31 29 27
17 16 22 59
47 69 60 26
43 38 41 18
27 53 63 31
25 2 30 49
14 25 60 8
49 43 8 22
9 18 49 56
23 2 12 44
63 35 43 25
60 46 8 21
15 27 22 33
22 9 66 8
16 44 28 38
7 33 35 29
39 56 63 64
38 47 29 18
80 52 63 59
46 161 22 137
31 21 17 26
22 17 18 23
14 63 18 26
19 27 21 17
43 41 31 45
33 74 44 72
16 36 77 28
24 41 39 10
28 39 18 52
48 17 12 31
12 38 9 29
59 46 31 39
16 23 13 28
47 12 159 24
39 59 17 15
2 12 25 13
12 39 61 27
28 24 19 41
29 10 2 39
95 24 44 17
59 27 70 18
