22 28 14 58 56 17 18
10 13 29 14 1 17 18
16 26 36 12 24 46 8
31 10 43 38 18 13 7
19 47 43 12 23 29 5
42 24 10 43 17 14 22
16 18 60 5 25 17 28
15 13 14 28 21 23 10
12 47 56 14 25 8 19
31 53 25 5 59 26 44
42 1 25 15 17 8 46
21 16 46 12 18 15 31
15 11 28 25 18 17 21
70 16 38 53 59 29 60
31 38 12 25 9 10 33
1 29 41 15 18 12 26
16 18 46 38 43 5 17
41 22 14 8 27 57 24
24 46 25 26 1 5 14
29 41 46 60 31 12 68
39 16 27 29 35 12 17
38 60 61 31 82 28 29
14 53 33 24 28 43 16
10 46 21 18 38 28 94
28 18 17 15 25 46 10
22 42 39 14 15 19 12
57 28 33 29 22 18 13
54 18 28 8 48 55 12
39 12 9 25 18 22 29
53 22 56 41 1 5 59
24 27 21 8 46 22 14
12 29 25 8 28 16 33
47 43 27 9 25 44 26
72 17 31 8 26 28 62
24 49 30 17 28 10 18
5 41 21 38 12 24 47
108 23 10 27 33 65 18
12 50 8 28 38 9 31
33 23 36 28 26 10 2
23 5 8 29 21 38 24
21 72 8 17 29 30 24
28 46 10 25 1 39 27
18 63 21 47 71 28 23
17 23 59 27 38 33 21
21 24 10 29 1 15 7
61 1 49 26 63 22 39
23 15 16 25 14 31 29
27 17 68 8 29 60 49
34 31 1 24 41 53 59
59 18 56 63 49 64 53
35 19 9 27 26 1 24
12 24 22 34 26 59 27
10 31 38 17 15 12 1
17 18 30 62 39 29 9
22 7 18 12 42 13 17
1 84 21 17 29 16 31
49 51 43 57 59 22 27
20 25 17 18 24 31 16
15 29 14 18 24 16 13
28 25 24 21 2 63 14
63 38 8 1 86 15 28
36 68 59 17 67 2 8
29 30 46 25 31 1 15
27 46 16 24 75 2 26
14 1 17 25 18 11 22
15 22 60 44 39 84 1
22 10 44 18 1 31 28
27 44 29 15 7 17 12
33 27 60 53 39 25 59
18 56 29 30 17 41 46
39 41 60 46 18 10 27
27 23 12 26 30 16 72
5 21 14 17 68 18 61
7 16 10 13 8 41 35
8 12 38 24 19 21 17
60 16 18 12 21 26 33
68 43 27 69 29 38 24
53 75 49 108 73 18 41
47 21 29 39 41 38 28
80 43 15 55 59 56 53
36 15 21 29 31 47 28
41 10 46 27 42 17 38
22 23 14 2 43 10 16
14 39 80 51 24 33 28
16 15 31 61 67 25 22
46 5 1 22 43 12 15
4 15 7 12 18 24 22
25 30 8 21 24 16 33
22 41 15 21 51 39 43
24 21 16 64 18 63 30
35 20 60 12 41 27 30
27 9 5 16 18 39 23
15 17 8 21 47 38 49
46 64 63 15 38 53 12
24 80 1 27 42 46 12
7 44 46 31 25 28 2
60 30 41 63 46 15 17
24 21 26 47 30 18 53
43 17 31 16 27 37 29
5 10 1 43 31 12 29
