13 91 32 85 1
19 106 37 69 46
46 63 37 75 52
72 1 13 34 109
97 78 25 103 106
66 34 16 26 72
95 1 76 106 10
78 100 1 19 42
80 28 75 97 31
55 94 91 2 100
109 25 106 49 4
91 23 106 10 82
88 75 103 7 63
25 79 42 55 23
22 79 4 1 82
44 91 11 46 109
2 29 97 103 42
91 69 49 19 7
28 49 31 88 91
103 55 1 34 28
1 91 52 22 82
41 46 79 9 10
23 34 46 19 76
23 3 72 52 87
55 69 2 103 46
91 76 109 55 97
76 69 97 52 91
100 19 40 97 63
88 79 96 43 10
76 63 7 23 82
106 47 100 25 22
45 77 40 95 59
79 76 19 103 55
103 66 4 52 16
69 44 72 85 94
52 55 100 82 59
82 72 103 3 55
16 106 26 88 75
4 85 7 55 31
10 55 34 25 75
82 72 91 6 41
16 109 19 88 25
75 102 8 16 42
55 91 79 24 76
31 109 23 85 70
10 58 4 16 37
8 12 66 24 77
26 30 69 16 94
7 106 16 19 79
10 60 106 82 85
91 40 34 10 80
91 60 72 19 9
69 37 16 1 106
55 13 19 95 81
104 106 85 22 109
103 34 31 16 41
44 17 58 100 37
82 97 100 91 49
75 10 63 52 25
25 109 75 69 16
94 67 59 97 25
106 46 1 96 64
106 66 85 94 13
91 7 49 52 66
24 52 7 76 108
69 88 106 79 6
82 94 62 13 103
37 88 55 79 58
97 37 96 85 82
34 46 7 76 79
75 31 55 79 25
94 24 60 7 16
28 76 16 46 11
43 55 103 49 85
52 88 106 96 44
75 10 22 88 52
66 75 55 78 98
10 91 25 67 62
106 101 28 31 25
98 22 55 100 19
95 1 82 97 43
7 55 24 66 91
28 82 69 66 37
44 97 25 91 100
43 40 96 109 98
12 76 52 5 91
63 26 46 13 66
103 46 13 88 6
66 31 99 60 52
25 1 13 34 62
25 7 72 103 49
109 22 102 76 4
66 28 41 16 100
43 66 34 31 50
44 66 16 19 91
85 31 79 41 103
52 3 4 109 91
69 94 24 82 106
106 9 16 75 94
79 100 72 1 55
