91 63 45 79
49 1 113 31
100 16 66 40
79 72 109 75
22 66 76 75
88 10 112 69
25 23 66 41
91 16 45 88
99 16 22 59
109 106 31 49
10 49 85 16
28 103 82 6
37 1 45 34
76 66 25 23
66 31 19 88
6 44 19 7
94 88 62 79
94 52 46 19
105 46 34 13
98 88 100 25
44 82 10 55
91 25 114 3
100 85 75 34
63 49 75 46
22 16 8 43
16 109 4 24
28 58 103 13
13 79 10 46
72 55 44 7
13 82 112 34
46 16 52 94
27 75 91 46
97 19 91 85
42 100 66 1
97 42 28 46
82 85 112 31
46 112 85 13
10 7 13 52
55 103 76 19
49 79 72 27
28 16 109 69
8 103 6 112
55 75 52 49
100 46 76 109
33 91 16 103
106 76 7 23
4 13 88 75
31 1 24 109
24 6 10 52
95 46 23 45
1 112 75 55
49 1 10 40
44 94 100 69
44 100 94 85
97 25 82 23
28 85 82 34
59 52 79 99
4 52 31 34
28 109 96 76
44 19 55 59
109 66 48 97
88 28 54 109
79 28 88 106
103 13 1 31
106 69 63 52
100 44 1 91
7 31 34 10
106 6 91 40
88 113 34 16
113 19 100 109
27 16 31 69
45 3 106 72
44 25 75 91
49 114 79 55
97 34 75 72
109 28 47 103
79 55 5 42
103 6 79 88
103 13 28 88
62 42 69 10
113 52 46 19
106 55 66 45
13 72 112 37
100 24 32 95
45 31 106 50
82 9 100 49
69 84 31 91
25 7 97 85
46 55 31 52
34 13 103 97
37 10 85 112
82 63 114 34
97 72 16 96
46 35 24 7
91 40 60 95
104 112 52 49
69 19 113 10
58 113 34 1
77 7 60 100
88 37 52 79
