1 7 69
1 116 7
72 85 28
47 106 78
114 7 22
4 16 83
72 43 4
79 52 40
52 106 103
91 69 63
10 79 55
7 117 55
24 63 37
11 55 75
37 6 112
109 60 88
41 8 103
115 112 88
61 109 59
75 55 49
106 28 44
16 43 10
31 6 44
75 114 34
106 37 99
13 117 91
82 114 52
109 28 31
72 41 84
16 75 1
112 100 25
77 9 88
75 112 49
77 49 55
55 19 52
103 109 5
91 58 13
31 75 49
37 100 5
88 97 62
25 106 66
94 109 19
103 85 27
24 97 11
97 23 19
109 52 34
61 22 115
46 30 24
72 94 113
46 9 28
38 112 46
47 53 10
88 3 47
77 46 86
75 61 52
112 45 88
66 69 45
100 16 72
114 37 96
9 91 75
10 58 4
103 72 3
10 25 44
69 75 106
23 94 112
7 82 75
46 72 75
72 85 82
106 44 60
40 48 88
67 22 34
91 85 22
52 103 91
94 91 1
100 49 115
2 82 69
59 63 112
14 52 75
9 5 31
49 114 94
47 28 103
109 52 6
44 13 75
46 55 106
72 106 19
91 1 28
31 115 22
69 19 115
72 37 103
94 100 46
52 103 96
95 79 44
16 44 31
91 63 103
3 100 55
28 34 66
13 82 37
69 16 8
59 16 97
19 31 25
