78 106 85 75 91 59
28 34 11 23 9 16
37 44 91 101 25 63
79 34 46 31 91 37
106 42 23 25 100 16
79 37 19 40 34 88
13 80 106 55 88 34
88 10 34 100 72 13
75 41 49 2 31 103
97 91 106 12 94 41
2 72 63 103 84 40
66 47 85 1 106 88
31 100 34 28 7 63
103 79 37 2 88 61
91 1 44 97 103 79
51 79 106 97 72 31
103 69 106 31 13 9
104 72 88 85 91 52
97 23 100 94 82 40
46 42 13 3 6 49
19 37 42 46 24 106
10 44 76 75 52 65
34 63 5 13 28 85
60 5 1 95 100 34
28 95 34 13 76 85
37 55 49 72 64 1
88 24 27 41 91 94
88 9 97 79 66 28
28 37 60 34 78 63
55 41 63 85 88 13
9 66 52 75 82 85
88 82 52 8 46 37
85 43 37 7 58 13
19 101 37 95 52 106
91 72 55 1 79 16
49 44 13 97 59 103
59 106 22 25 15 44
103 19 76 31 1 94
72 16 79 28 85 44
13 103 6 76 28 75
106 22 19 2 25 72
100 12 72 37 66 60
52 91 79 75 24 99
28 46 72 82 60 49
6 19 59 97 75 44
106 55 30 88 27 23
7 10 97 24 88 13
13 34 106 1 85 55
85 59 25 69 13 28
100 14 49 97 19 96
34 54 97 103 66 7
37 79 63 82 41 85
94 55 97 88 91 19
106 1 24 16 6 88
100 47 22 72 16 13
91 10 5 25 49 66
88 72 97 79 51 106
66 58 4 31 79 34
49 75 91 66 25 6
31 40 7 22 69 13
46 91 75 49 72 79
37 31 41 58 91 4
97 16 40 52 91 46
46 24 66 16 55 1
34 88 63 100 91 6
77 41 88 4 63 19
41 52 10 49 106 7
24 79 76 82 69 63
72 11 34 19 80 69
52 85 61 103 1 16
85 55 44 28 25 31
76 49 79 52 103 10
10 91 24 19 46 25
28 58 99 91 55 7
76 55 49 108 102 19
19 34 52 49 40 103
72 63 75 85 49 100
100 44 82 66 106 10
2 63 46 79 19 23
103 25 58 1 97 75
63 79 82 4 26 13
100 27 10 1 23 60
13 76 41 103 7 95
79 4 76 19 85 100
37 13 85 69 22 55
75 4 61 82 1 99
34 37 76 3 75 24
60 19 4 91 88 76
75 6 96 49 24 100
10 37 49 103 106 46
72 85 24 7 106 10
77 2 19 13 79 94
103 76 82 37 85 52
106 75 30 85 100 49
3 31 7 76 88 44
44 88 79 91 66 38
3 76 37 55 11 85
66 72 58 19 97 48
8 103 31 1 66 25
79 10 46 100 52 103
