103 34 79 97 66 19 27
16 40 52 19 10 55 45
10 85 13 29 44 97 33
5 78 37 100 94 82 10
16 77 10 52 85 13 19
101 85 34 104 6 31 55
25 22 79 40 88 43 12
10 66 97 95 88 29 61
30 97 1 45 37 91 7
75 14 28 55 63 31 18
19 88 75 72 7 76 79
63 4 41 24 19 26 13
22 1 75 13 37 19 25
16 80 72 69 13 63 50
46 24 79 4 66 100 31
22 31 85 34 55 96 82
1 66 34 60 69 7 43
72 34 58 28 4 7 69
60 66 79 103 42 6 10
78 15 94 6 42 91 88
100 16 69 55 33 97 19
88 75 37 23 43 103 52
72 85 76 97 13 82 4
52 6 88 49 16 37 75
49 28 37 91 41 8 75
40 34 13 79 72 91 94
66 77 37 55 13 100 16
10 75 5 31 16 79 34
4 66 82 13 69 72 88
16 13 55 86 75 37 34
19 7 91 46 103 13 72
16 25 82 72 3 43 55
7 72 75 10 13 82 19
99 79 37 104 46 28 49
42 37 7 3 91 85 55
98 25 100 42 85 10 59
69 88 76 2 66 25 55
102 88 49 19 75 66 5
79 1 34 69 31 52 88
19 82 13 88 79 72 10
24 69 37 66 63 46 10
85 69 9 103 31 28 19
19 16 72 91 82 97 46
1 55 88 95 13 76 66
79 72 103 10 32 46 23
94 19 85 64 40 82 97
60 91 69 66 7 26 1
16 22 66 7 69 31 103
4 88 26 65 34 13 100
96 31 103 61 7 82 77
63 97 31 25 11 103 17
75 72 97 10 88 16 69
22 82 63 55 66 31 69
94 91 75 77 25 40 19
45 40 52 75 99 79 100
72 75 99 58 16 88 95
66 33 44 29 24 19 72
37 88 34 19 27 46 28
47 66 76 43 75 5 82
85 52 94 97 34 103 25
103 100 16 95 1 91 10
85 19 34 7 46 79 91
46 72 16 62 13 52 4
63 97 46 77 31 72 95
59 28 22 31 25 37 34
52 55 69 46 80 75 7
72 58 46 76 85 75 97
97 60 37 7 49 40 91
28 100 52 10 58 66 5
45 72 8 69 88 58 91
91 44 5 76 24 25 63
37 75 33 69 97 13 4
69 52 23 82 16 103 55
55 31 28 13 75 34 76
76 51 23 6 34 13 97
42 75 79 88 24 44 19
66 97 1 35 37 13 79
95 100 24 88 91 42 14
1 103 95 46 97 100 76
66 19 40 54 25 76 91
7 4 58 79 31 41 3
76 34 16 40 97 103 10
52 72 88 25 46 83 28
10 52 76 16 79 29 72
13 7 88 94 91 44 78
100 32 75 63 85 45 60
7 44 103 60 88 63 69
76 94 65 82 62 91 88
72 100 26 85 16 28 6
94 16 34 19 7 75 82
95 9 10 37 31 16 47
46 60 13 103 84 101 99
44 24 100 91 19 80 49
37 91 69 75 27 49 16
13 103 91 58 79 52 24
66 75 37 69 10 7 34
16 25 82 94 75 97 46
66 28 103 41 51 72 25
34 9 91 84 13 46 31
2 44 32 55 46 88 76
