9270 9221 709 9208 7098 7177
25 469 1956 783 5532 1169
2979 344 584 6 4001 929
6743 2273 19 5599 254 3045
18860 18732 2786 11390 1146 2718
218 7973 269 303 640 2342
5616 1607 373 5954 885 1916
1962 3 829 44 3394 1019
3 5979 5176 686 8011 357
206 40 402 379 510 392
6 2190 270 43 262 231
1362 1397 1352 1437 1361 1363
2194 1588 6465 2389 1481 724
7274 6500 965 2366 7449 7154
127 4631 113 11 110 1716
13279 138 2745 209 192 2769
4990 14262 1937 2442 7026 218
205 314 241 27 3111 206
27 7 215 1980 2985 87
2298 7 64 27 1 1469
372 14241 534 7309 1018 6
5707 1456 720 2027 3230 6
7093 19128 46 7095 22548 2442
3230 135 1666 148 747 1174
19062 514 12043 56 528 5025
4839 4840 4834 5097 5093 5101
537 1464 787 3 452 446
254 8058 9799 1034 1135 530
9 1701 1112 218 1707 1700
7485 303 2876 218 3243 504
247 7055 1036 363 6 4065
658 6110 340 138 10010 662
11 276 5512 3174 9346 85
1507 1 77 6 58 506
5594 833 3318 670 3367 9143
978 512 424 2143 987 27
37 6090 12411 5184 205 10566
5368 1696 153 1457 37428 2405
1958 2850 27 490 3284 51
537 271 6449 1607 1001 143
548 1568 3632 763 62 1123
1839 1101 1723 3603 5652 1958
2175 5016 3875 4090 3 6
27 4990 729 5727 64 644
1198 1186 1444 491 1188 1441
25 6 90 2085 8467 2086
3172 9579 3176 6 13440 3166
1346 1358 2122 1266 1286 1304
1396 4981 1368 4069 4055 5021
11888 6 30412 371 142 3356
5084 7085 13638 23 6246 5603
2258 50 3915 6 90 1956
692 4028 2162 5303 1754 1807
6061 3 7938 885 508 77
5114 5079 1453 5058 815 435
1 669 1037 2424 218 2435
1536 6 151 328 3514 3870
3187 710 1696 14 1707 1699
507 218 273 4 2275 8089
6281 16036 6544 11 294 160
2145 5063 329 326 1037 1
12042 357 27 229 372 294
815 109 6245 1671 833 2419
240 4806 6 338 10599 339
27 15260 2816 9901 6618 12992
93 2367 370 5378 8284 56
1018 1145 491 882 278 1034
8583 353 6881 3 3488 5825
6497 11 184 6640 287 284
3988 2333 492 2143 69 268
7513 269 5242 5681 3058 3017
1554 961 1541 889 5603 2170
1545 11 632 1 12942 375
3450 987 4962 314 8058 151
14602 759 56 148 8115 7
582 506 1469 260 508 4652
7409 4962 90 3 3800 1
1906 7087 3 11 5151 55
155 378 135 667 303 136
91 5789 4099 7838 422 1077
372 3792 5594 64 3716 3405
46 434 40 11 5375 438
7419 1971 265 1978 11 7300
518 1134 650 11 1 5689
1 6 364 827 747 776
1339 5098 5100 1341 1225 12425
296 6636 3560 2176 144 446
56 113 215 132 897 2
90 1934 379 11942 1592 11
4840 6743 314 4786 4831 4837
6145 158 1834 1785 17270 600
6303 424 4055 55 1725 3
9065 440 344 148 2331 445
951 1 218 4042 21210 118
5983 1437 1391 1333 4122 4183
148 342 218 4742 1 774
2889 1631 466 449 5619 587
28 37 15355 1884 4507 1154
3800 2041 11 205 10761 10451
6068 6 10 2352 286 6506
