423 845 773
1168 8654 3680
4707 1115 1536
945 332 1141
283 2028 19803
8076 1955 1104
1667 3405 8626
7573 1569 6524
5530 825 4415
1186 1196 364
6301 2377 230
1321 1857 3515
11 7141 423
2148 8171 7265
255 4376 4503
6 28 1679
10789 720 11
2020 461 3716
4208 1883 7744
1541 6 4212
8014 87 2559
2230 2173 242
210 1 3470
2265 254 9757
3664 1863 6
1122 3359 256
27 17938 11415
259 2121 1406
6382 27 7959
379 1077 866
218 1912 236
6160 1 1574
9233 4839 1517
9583 10715 7
433 6 786
585 1 20487
4858 1138 148
1536 371 582
71 218 2851
933 2123 3
17395 11 3059
87 528 6550
3 44 1030
6 1772 7142
529 6835 4238
5420 4106 135
5950 10914 938
20798 5141 5916
11 12617 37
753 3503 5039
1363 1812 650
842 1305 2134
1639 379 1496
47 1143 657
69 11296 28
1518 1519 1921
3540 56 155
148 662 27
426 10111 2024
363 136 719
7573 2243 5479
11980 11243 3273
3423 87 8109
77 775 71
1144 3788 12656
2093 4631 3697
4516 2993 5715
361 1706 3663
215 290 9632
3227 144 4962
870 138 438
9404 45 9560
261 357 263
4321 897 28
2305 17927 675
1211 1410 1382
824 3783 7
11 155 148
136 307 4755
578 452 423
40 4837 402
1716 303 555
9069 3241 5620
2177 445 1025
1573 77 379
41 6535 1645
2978 153 2070
273 522 521
5738 1118 2819
1191 17 6
1592 6210 218
763 692 4676
768 1162 221
6 11 3290
351 3692 775
1745 114 3613
303 8112 2
281 64 218
139 446 972
2850 2124 2042
