4380 11 486 278 3908
1824 747 665 661 6
4548 118 6250 1 10280
451 445 772 5375 2285
652 9197 2450 8283 6
88 3479 15528 32 897
1132 281 4837 1906 1836
989 829 90 3 60
4194 3800 2442 3197 6
2452 1002 11 64 8387
1112 27 1631 5460 864
1676 8894 2342 4776 10461
49 2850 1743 879 1044
347 528 422 6213 49
40 27 1166 1037 2
9208 5016 7045 7093 7016
4399 3329 4387 27 1499
1628 6470 7322 2271 236
259 155 8114 7 11
17080 897 4417 1155 265
1155 1575 2395 2850 879
2835 3400 1146 603 644
1044 525 1912 2283 6
2396 357 775 818 255
3932 207 209 119 1519
215 2330 5951 2363 1535
7 359 2028 1119 3574
359 3385 215 218 1575
28374 7325 934 6 3207
99 56 2139 3762 5655
1223 1362 222 218 1682
271 11788 59 4764 822
2292 3765 986 2127 1838
433 1019 3370 827 1467
39 261 9762 9929 1
6711 2137 16417 1981 268
303 2282 1035 3765 1130
148 1754 456 6 1917
138 1462 154 6 2145
3132 3322 744 582 1467
1024 368 2399 1146 615
104 1455 130 1906 374
4868 356 36 11490 9729
153 832 8457 27 109
764 140 2013 13147 2954
3 4962 3369 842 2135
15893 389 385 23346 6735
7 2232 11 338 3638
64 4065 1610 2273 800
232 7082 1458 370 368
442 2881 775 1693 148
11 41 1805 229 3514
2479 14512 2468 2475 1065
1071 3158 1481 2453 6
521 1456 1034 217 27
1714 687 2173 6244 64
1414 1437 1420 1241 1208
2145 5068 470 916 2938
3190 1116 780 256 1807
1053 579 1680 3103 254
665 11 3605 1132 6669
11 1138 2331 8204 6509
11 1838 516 8096 9406
4854 5264 15147 56 3255
11 215 737 987 3
5930 11 265 5184 215
6710 4102 3238 423 546
2979 3290 825 7 2817
3488 303 2414 2877 11
6885 69 11 5732 9447
3031 3030 3040 3020 3039
257 1456 531 229 135
3 3092 3514 3153 525
2035 4779 1693 1652 2010
2817 7 2313 211 2331
1050 645 10626 3862 17094
1660 11 1 1716 3322
45 2026 361 777 90
808 1644 3361 443 2333
5058 3819 5236 64 27
719 260 11 2034 7
644 218 13540 10667 382
2234 7 2977 364 1
913 8361 686 1536 218
1209 4844 1427 1376 1398
446 55 6 665 255
897 18700 7221 231 7792
4575 4690 1754 1439 39
1131 382 268 5660 1862
7 1519 269 11488 1775
2112 157 1865 1433 3647
355 3558 71 1131 4059
268 1956 6013 987 2014
4416 3 350 775 1756
867 14314 1606 6417 1989
49 494 829 218 2292
783 5058 87 6 263
1052 11 2850 6 27
4727 800 273 1981 2263
6090 15628 28 27 10039
