475 540 539 3361
690 2072 2939 1
568 7161 3435 1743
5004 148 587 2990
5048 154 339 43
7349 10719 6 3911
2159 579 6 2369
230 5611 504 687
205 7 1980 8487
2852 4006 21 3671
3398 298 1643 3895
5692 4675 1865 2072
2853 8338 6 11982
2847 1808 25 4043
215 126 303 1956
5378 6214 3583 3
329 628 6 1644
3695 1 2038 2136
3 9044 2331 1955
397 2160 2188 2057
240 11 582 579
3292 7902 8703 7903
69 518 1570 3682
221 3992 1544 631
1363 1436 446 5111
13639 15693 9792 13858
1436 1365 1368 253
85 8037 1021 2357
3 24139 19925 825
4732 2953 4755 3514
1496 17783 1052 11
777 7355 5539 11
993 6239 573 838
328 7792 257 2085
27 7 4395 4991
10237 1 4834 218
860 32 1885 973
1774 897 27 8101
83 6245 254 1864
126 6160 3492 489
3351 7968 10799 5767
540 987 1121 230
1766 520 1863 776
5037 563 978 3405
3411 112 744 135
6960 2953 2952 27
331 899 151 3297
756 2206 2214 3
3 1834 2 2230
5645 2895 523 1921
5667 5673 2156 230
21134 108 3692 2190
1539 1675 9785 4069
3 205 11759 11098
332 324 447 2064
205 7726 4983 27
41 43 1700 1698
209 32 27 1044
1805 90 828 380
27 218 2051 3816
269 19569 6381 3710
3103 6 837 6064
32116 5192 21334 14498
3262 353 504 2335
8944 3824 4059 527
138 376 3531 545
4990 601 3812 567
828 621 829 278
3084 527 350 432
5098 2026 232 5092
4833 1618 148 4841
5241 3 2196 448
2070 1131 2864 5961
1018 1171 4322 1660
3151 8503 6160 2331
438 4675 140 6
325 3518 4640 49
1133 5881 4585 2979
4597 245 85 2333
3074 7835 6544 273
426 446 582 1461
3020 357 1 2357
397 11 5058 4
10976 3 786 135
205 1089 211 7097
5510 19618 5852 884
3402 795 1008 2012
1644 11 1188 1190
531 5742 3699 3778
819 273 6 522
71 929 2181 218
3508 4471 4472 212
397 729 7879 108
3085 4472 40 3553
1 11 3092 512
357 303 215 1
6874 32 10408 3922
5298 6 297 305
7 120 3919 11
3351 2845 27 8122
