510 148 7409 512 4616 4045 838
2228 3603 3 529 3385 1 218
2013 716 5376 3230 777 969 140
3473 339 2416 4989 5376 3693 247
3884 294 686 4438 2952 5671 379
234 233 423 1691 1871 6 3820
3969 4472 2181 240 431 6 842
5287 1655 5537 5254 299 1807 1612
1 25 1271 3594 1351 261 1363
102 130 710 98 3385 1716 3875
11 6750 3394 1144 273 9749 421
221 254 11 1 218 10181 3638
934 516 83 529 526 1444 1447
1373 5615 1273 20 1395 1451 21
770 1644 1807 1168 5110 11 2021
2806 2852 314 8936 1956 1496 27
6258 3908 27 2800 49 5929 45
255 55 1857 230 148 3456 3647
1001 7827 558 141 548 5695 4001
1717 98 845 4752 6 104 2404
603 901 2154 4753 3514 5835 218
829 364 765 11 5188 45 230
10742 3375 2133 218 2175 3374 64
46 1769 41 1601 1646 834 1885
2942 2164 1518 102 1018 27 10395
7464 2 3847 7462 7603 7597 2383
11 9406 6812 5861 557 1467 4675
5872 1802 2264 1454 2 4124 4106
281 826 8065 987 3386 545 2952
527 558 350 339 514 1473 8731
423 355 4770 1335 1305 379 6
3680 520 7572 6563 2257 3241 4722
5951 23812 364 56 118 1 12838
2941 10526 17826 2817 8942 1960 528
4315 32 640 2331 4074 6 4006
1065 13230 1543 333 6 1545 1544
11 21 1018 2365 3 5479 7881
9612 1742 4637 3859 49 104 7413
800 3187 1750 158 4673 3186 382
2163 974 2050 521 520 368 829
961 726 9450 6101 1 11 13781
43 1030 1463 1468 5686 548 6
1807 762 234 1 861 4673 555
3650 3662 3665 3123 47 1591 2160
1168 1018 766 3385 588 331 335
28 205 6190 1954 29 8142 632
11 371 1471 370 1517 3111 829
435 2954 826 2243 1858 7801 697
772 901 1463 3613 2277 4577 11657
3222 3810 369 125 9163 3794 1716
15899 3265 1680 2037 1125 6333 11361
1327 1417 4832 1338 4836 1437 2110
1919 666 934 218 3 7 1889
901 3155 8093 3437 974 11 685
78 372 2160 1865 6 684 6589
4650 1714 3714 138 3798 2952 6
4 2867 3483 1 1774 145 2864
7565 215 4562 15772 10119 3209 7364
986 328 224 1710 3416 3258 471
2122 5408 2195 6 7346 20803 7
1391 1384 1334 1279 1294 1427 4844
330 26100 546 27 354 290 643
3449 3120 145 354 1757 230 764
987 86 209 27 40 817 83
1604 3 3518 303 235 4834 972
11 158 970 5114 438 90 6
141 762 2192 3804 253 936 40
1019 1748 6 11 776 4 1851
894 1725 737 2123 1433 1 672
10251 2449 2220 3701 9207 2298 720
4979 2119 7572 541 154 4586 540
1810 650 270 153 1466 3333 4026
512 684 6 1 235 1863 11
11 4443 6 269 3457 1984 4990
11241 11726 86 3903 88 5636 2105
4789 6015 1282 7479 760 354 1912
643 8288 8387 8381 714 17688 5747
154 148 261 3500 1864 1865 521
10979 3 32 205 1 4791 1801
526 4507 762 4629 23053 2127 2168
454 4614 4981 2057 951 5728 2066
997 314 364 6 1 2069 4441
218 11 583 258 3230 1151 1449
970 3804 215 379 555 640 16074
1812 775 3492 650 744 131 4739
1351 1426 1404 1318 2113 1313 1390
5510 11921 6528 2952 2282 4441 13813
55 303 1628 1700 1601 1704 1703
879 13768 13595 4415 890 211 10108
27 2562 3149 2595 86 3151 2480
4183 2 446 354 3692 356 372
521 843 491 2400 2124 2127 1469
1807 5614 3246 3333 6281 2214 155
83 1135 1303 525 1055 2971 215
741 4791 7 3484 228 2035 83
579 861 1 2051 5182 904 1696
540 7540 1044 273 1534 303 263
784 6 1132 2070 1131 1644 13427
36 192 3250 205 2351 7253 1934
217 253 11 218 2070 1198 1196
