5 72 61 44 143 95
83 141 98 153 128 71
124 132 137 66 138 55
123 45 115 91 148 136
105 136 6 107 34 31
111 13 141 12 75 134
90 103 119 60 84 148
110 19 36 57 17 83
33 63 136 16 3 32
113 82 127 146 48 35
14 15 12 84 158 94
112 97 42 43 76 140
168 69 34 122 139 148
56 40 60 30 8 20
3 112 15 87 131 42
40 55 8 115 80 116
87 143 93 149 63 68
113 48 28 19 132 21
98 122 36 6 81 134
116 25 103 59 29 98
90 60 112 125 1 121
67 130 29 5 102 21
103 29 75 72 17 85
55 113 18 1 135 5
167 53 58 110 26 4
132 3 24 86 40 48
75 10 31 54 152 97
37 128 106 38 7 137
83 67 100 56 116 82
37 71 22 11 47 25
94 135 26 4 60 128
91 94 145 42 51 130
56 108 19 149 95 157
12 44 101 45 139 128
89 57 132 11 87 150
155 66 41 8 114 162
98 54 64 78 114 127
155 53 137 120 142 117
27 89 144 83 66 110
118 137 8 50 35 135
61 83 19 29 28 45
82 20 76 48 22 38
73 18 65 13 143 36
41 141 7 20 77 60
159 50 121 74 78 128
51 151 124 133 13 77
55 123 128 38 138 122
139 13 22 11 17 10
133 83 57 31 138 139
117 89 28 84 128 42
52 15 149 148 38 117
53 121 31 40 10 1
40 85 115 20 48 4
136 15 50 150 93 25
74 124 86 64 25 37
73 41 67 95 56 80
157 8 115 109 52 171
96 72 61 133 132 38
70 30 56 90 63 103
119 90 126 33 108 12
13 107 138 83 7 105
170 141 108 13 46 97
132 87 22 11 124 96
76 100 58 14 20 4
105 45 110 10 90 79
94 43 138 45 107 6
22 66 56 102 78 34
14 85 47 29 9 143
76 11 105 33 111 63
126 136 133 151 80 47
107 93 127 30 24 64
93 39 134 71 16 113
39 12 104 48 77 109
130 88 10 97 132 19
54 42 99 38 153 64
9 114 77 36 85 108
25 17 92 86 56 40
92 11 6 133 134 60
121 3 25 6 60 118
100 36 95 1 31 56
97 1 143 92 69 24
105 122 12 72 53 87
47 148 109 137 20 74
89 77 33 130 88 45
96 106 129 53 83 140
77 34 29 112 16 40
115 23 63 129 51 49
86 22 24 67 43 39
73 65 74 84 52 99
115 64 149 125 56 72
18 38 105 50 6 163
135 91 146 38 43 80
83 128 17 30 9 60
98 74 136 29 111 103
112 31 30 16 37 138
93 163 164 61 124 155
111 62 113 17 60 95
89 53 161 98 4 23
26 58 63 121 144 55
142 57 84 23 32 170
