75 5 41 11 14 45 13
30 74 52 55 49 35 2
9 67 60 66 22 70 16
12 71 60 15 37 73 80
54 36 35 75 31 13 73
19 59 41 34 39 31 35
34 5 69 38 4 37 62
61 5 8 22 37 30 41
34 43 72 69 57 13 25
18 56 75 37 43 49 70
74 67 72 31 61 53 48
8 33 2 80 75 13 5
18 52 16 3 26 44 19
39 37 17 43 69 66 56
46 11 17 25 2 84 49
72 85 21 41 33 19 34
72 42 69 45 10 63 64
69 10 11 13 19 65 47
33 27 22 63 72 15 74
90 84 3 46 79 2 42
14 34 24 9 79 42 8
55 25 78 11 65 6 9
19 1 21 2 64 23 67
55 80 81 10 84 53 65
29 73 80 23 79 62 12
36 57 22 56 34 72 39
31 64 4 34 46 48 36
70 75 10 42 1 37 19
8 22 56 73 49 53 4
26 4 47 17 76 28 39
2 75 36 47 24 52 40
3 27 29 10 34 13 1
11 26 23 29 16 31 45
38 35 33 24 76 27 18
42 25 14 36 10 70 81
8 2 76 77 4 12 69
34 8 11 62 31 76 61
79 6 21 3 2 1 59
9 77 5 19 43 18 40
15 55 56 40 29 44 1
61 58 42 77 13 35 36
67 44 12 81 61 24 41
73 51 34 74 66 40 30
25 22 48 53 24 47 56
81 75 51 21 67 44 63
20 69 9 6 56 23 71
74 33 56 1 2 53 59
24 26 21 39 45 27 29
18 39 47 17 2 48 67
62 5 58 56 80 28 72
34 43 28 10 44 60 75
19 48 32 50 1 63 39
15 26 60 44 5 27 8
47 46 57 79 39 10 65
17 56 57 75 18 1 68
52 1 38 61 72 3 8
9 61 12 2 6 53 41
15 10 43 69 26 39 50
11 9 35 65 16 60 1
64 57 80 39 52 49 56
82 63 24 14 19 29 35
33 9 1 39 66 11 5
1 61 58 75 14 56 46
20 67 43 45 77 19 56
36 6 69 46 60 66 35
51 58 34 29 37 74 76
14 50 44 59 3 64 26
74 33 64 47 27 60 12
3 18 73 20 78 16 61
5 59 10 52 60 57 33
90 81 47 83 72 6 45
74 30 11 57 63 34 24
20 52 11 31 33 48 76
6 28 48 60 70 10 69
62 21 1 68 11 35 61
28 25 19 77 21 51 34
27 11 50 82 49 40 77
34 71 59 80 5 81 19
5 18 23 52 33 13 58
50 6 28 17 15 64 9
83 40 22 38 6 29 16
18 13 15 12 34 64 73
38 20 9 74 15 66 32
25 57 9 59 20 63 46
77 37 70 24 61 39 11
47 78 73 16 32 62 10
9 45 63 35 38 15 64
59 40 77 67 57 36 53
64 52 16 11 63 76 70
75 6 17 60 53 16 77
8 2 19 11 73 9 18
73 35 66 63 22 42 38
66 9 43 61 44 52 23
73 13 54 74 80 51 52
73 63 60 67 57 5 54
38 28 73 27 10 37 52
46 54 17 58 10 42 53
18 31 82 59 72 77 19
82 78 40 64 41 76 68
43 20 61 45 12 46 31
