42 10 11 58
128 4 145 118
87 166 154 133
75 55 40 42
174 171 75 104
145 6 45 171
38 152 13 58
142 134 147 96
109 10 143 29
78 77 81 69
145 9 120 14
65 24 61 151
55 136 72 160
30 136 146 19
109 116 84 143
100 101 82 52
40 123 98 115
116 159 108 29
133 80 118 91
102 12 92 156
76 141 134 69
10 1 87 137
132 166 24 80
147 127 74 167
6 34 104 47
36 41 3 71
148 121 11 44
82 103 147 118
43 62 92 142
172 43 35 4
88 149 57 81
145 35 164 49
49 39 30 76
97 14 152 35
108 15 56 49
81 115 4 83
79 46 40 51
49 88 125 116
53 69 105 71
95 170 10 56
10 68 167 127
148 13 38 50
72 6 113 118
53 100 5 54
52 175 43 117
46 82 120 5
108 86 18 110
19 186 166 61
9 61 29 103
12 153 135 59
137 155 57 156
17 28 98 5
58 30 134 164
23 69 125 51
42 28 72 15
77 135 114 40
65 92 44 50
95 66 40 84
1 128 77 144
98 82 22 162
126 129 15 127
94 77 112 90
28 159 158 166
161 124 40 56
80 73 134 117
159 162 100 27
97 146 153 42
39 85 127 130
55 124 52 111
127 57 23 52
16 86 117 137
92 77 80 100
168 100 19 59
157 120 44 66
99 25 93 79
13 78 2 57
135 52 53 18
61 152 165 50
2 9 162 152
99 161 61 34
42 117 159 80
55 42 101 33
11 16 108 14
44 1 16 18
38 23 171 78
120 163 81 123
26 37 156 148
38 155 118 105
28 23 21 121
178 139 182 150
93 76 101 138
131 117 172 157
32 63 122 71
110 25 107 24
163 60 88 146
78 138 89 91
141 125 144 84
94 112 154 81
58 32 66 146
80 160 72 55
