111 59 118 129 63
145 39 68 114 15
46 9 50 54 11
138 68 2 11 29
107 136 89 38 88
15 22 55 30 123
112 109 88 31 125
30 125 45 100 98
9 74 158 103 140
31 96 97 88 152
111 6 148 132 130
114 140 93 27 134
48 20 29 4 11
110 20 139 60 136
88 99 64 71 140
118 85 28 55 153
86 61 109 76 54
3 93 66 16 40
104 123 72 107 48
120 48 39 61 112
123 45 91 7 58
11 56 45 119 132
5 135 36 100 116
92 84 67 122 5
86 118 7 148 30
145 98 18 33 19
83 109 111 43 121
132 105 149 30 73
102 42 28 38 58
143 130 96 148 53
1 111 156 50 7
110 38 134 28 79
45 61 8 26 147
161 141 7 115 145
164 81 31 156 97
50 144 137 103 159
78 156 30 53 40
54 52 121 110 44
52 115 36 49 78
105 112 133 119 44
17 64 95 148 2
131 108 147 60 67
134 106 21 71 150
82 104 56 53 96
138 93 68 83 13
8 49 7 13 91
91 12 88 84 156
54 8 21 22 7
124 128 135 22 65
90 87 50 17 21
136 104 32 52 10
165 143 149 100 36
76 159 175 27 135
49 19 18 61 41
162 23 114 27 107
58 43 106 101 69
32 90 88 35 123
149 105 69 152 118
1 156 129 137 149
146 144 102 121 135
132 145 152 33 91
70 72 105 4 33
101 63 126 148 134
37 121 18 81 3
50 119 18 24 124
117 118 36 27 33
142 86 173 61 44
54 132 70 94 141
166 128 5 101 91
149 124 73 66 133
131 142 116 58 72
7 80 28 8 11
66 71 151 11 115
127 100 117 12 115
69 48 27 22 142
128 44 31 88 90
112 65 81 154 47
34 149 26 103 72
154 149 145 123 90
6 148 96 3 151
90 134 112 48 81
87 63 153 88 134
96 145 103 139 70
32 17 119 125 105
165 110 63 105 34
125 99 149 16 54
103 95 120 50 134
37 123 94 124 158
146 76 151 108 12
91 114 39 40 3
160 141 54 123 104
150 105 92 142 6
164 47 65 86 15
54 109 40 185 127
33 86 55 118 4
12 43 8 14 99
127 109 7 31 39
111 50 98 88 9
120 7 46 95 106
160 47 114 122 7
