453 69 193 432
48 311 117 144
361 429 405 474
392 299 561 430
605 70 242 27
14 511 275 387
529 467 335 305
79 243 411 54
98 46 393 21
415 454 307 255
395 539 22 17
208 505 440 293
285 218 441 86
346 355 41 385
499 173 478 355
513 104 240 20
220 253 263 204
305 35 433 44
94 36 119 295
197 146 232 443
124 437 598 163
541 262 537 490
447 88 260 310
613 593 508 143
24 470 12 377
446 226 491 47
268 513 519 371
229 370 103 481
436 563 610 236
541 419 439 429
474 379 463 524
37 555 32 102
625 450 346 550
373 36 55 531
139 36 326 550
16 147 510 495
259 395 397 201
110 386 4 593
319 269 305 272
312 451 470 173
552 319 512 448
104 9 164 443
301 302 117 25
270 346 289 367
117 494 355 455
90 73 85 119
285 274 119 158
524 31 401 252
291 603 545 92
239 179 263 323
507 426 290 271
357 260 384 509
194 387 118 411
285 83 247 323
516 396 44 488
477 12 583 460
273 67 529 390
217 520 226 248
561 558 328 342
253 218 515 419
300 258 436 421
484 317 519 104
128 426 109 222
516 296 100 92
410 577 475 260
65 232 520 378
372 168 510 380
298 468 578 533
576 604 392 121
174 367 50 580
137 151 328 336
281 306 31 200
401 238 261 223
235 43 461 148
256 226 461 471
602 481 41 27
459 365 412 536
531 574 91 334
219 420 301 55
588 557 408 456
437 582 340 266
428 441 392 312
128 418 335 126
395 183 133 420
502 182 338 380
454 441 43 194
579 399 261 224
80 264 114 56
198 323 287 215
35 482 177 18
523 491 526 558
245 352 493 481
486 573 378 253
190 512 359 17
347 302 264 96
397 203 35 3
514 537 113 26
384 58 108 580
58 384 52 142
89 350 357 436
