103 83 778
57 98 153
752 849 85
348 616 118
918 859 860
793 125 678
249 257 582
902 64 901
324 536 11
596 234 323
881 644 926
837 134 25
39 656 531
75 638 603
230 820 520
652 817 257
174 224 458
520 687 622
331 864 251
347 870 380
867 693 558
31 218 258
936 277 159
642 227 876
607 907 571
818 83 302
91 865 649
453 67 126
768 417 770
661 179 501
206 400 139
866 266 579
292 824 936
290 788 430
769 312 540
526 524 246
737 514 926
83 485 650
80 454 806
491 577 625
582 274 293
771 815 689
714 439 724
821 82 500
894 723 150
3 356 664
534 461 814
870 541 485
195 275 578
584 643 331
606 215 308
460 601 375
788 427 636
370 216 752
449 105 273
303 802 849
330 531 715
414 598 176
728 718 376
759 517 757
54 391 543
39 292 599
5 545 419
910 350 614
352 243 596
101 577 146
46 169 572
134 665 840
621 536 785
667 126 76
622 56 281
664 183 725
797 564 408
310 542 272
445 138 553
475 38 13
254 428 906
487 904 22
48 86 397
842 330 520
182 627 346
371 813 761
115 306 55
304 524 604
890 449 676
10 586 67
577 690 301
134 156 445
906 315 561
266 737 264
322 164 282
162 29 174
166 180 753
541 799 70
905 315 23
375 91 808
386 17 435
803 746 300
201 315 46
431 447 443
