15 21 5
13 12 67
29 35 46
62 37 31
4 33 10
71 64 45
64 58 42
83 49 46
61 79 66
70 29 50
71 28 81
19 75 10
89 37 52
67 33 3
37 27 83
56 30 61
31 10 78
26 6 52
64 57 62
28 33 69
12 25 51
61 67 50
65 14 60
24 23 16
12 36 45
92 38 78
23 26 11
68 74 36
54 38 59
4 24 13
34 31 5
58 52 66
41 75 52
50 63 5
50 14 28
77 49 15
46 55 26
61 15 55
47 39 41
53 60 3
75 50 1
24 46 52
4 23 35
9 24 55
72 60 63
49 47 33
18 31 56
8 46 14
5 46 71
62 56 37
1 53 40
25 18 10
2 28 72
88 77 78
53 80 74
18 12 41
40 74 26
67 43 85
81 42 72
32 58 20
73 82 58
60 42 17
68 42 24
47 10 20
1 32 51
61 43 7
24 82 9
47 30 60
41 67 52
35 8 78
20 82 46
76 4 50
81 43 85
93 25 22
54 36 61
82 77 8
42 8 57
55 59 90
62 80 56
82 25 56
91 77 75
84 4 13
76 79 74
54 11 38
58 53 44
43 61 30
32 56 70
62 63 81
43 23 7
12 62 35
72 46 78
5 23 75
34 48 7
45 72 21
42 80 12
14 35 65
48 20 17
77 33 16
49 59 21
12 23 49
