56 42 59 76 65
13 22 35 20 49
17 69 59 1 63
49 9 56 57 43
49 71 6 55 34
2 30 17 4 51
6 83 41 7 80
51 64 19 24 5
51 39 56 28 30
6 1 33 69 27
65 68 48 42 32
76 51 69 33 12
22 54 49 24 30
27 33 18 64 77
1 60 72 32 27
25 55 22 6 61
81 49 50 72 80
60 22 53 40 36
25 27 75 29 12
68 11 46 31 83
60 55 28 87 76
68 37 50 9 7
28 43 25 47 40
14 25 52 32 24
78 73 75 92 20
51 42 66 36 68
57 48 52 14 31
33 38 50 26 41
80 50 28 79 51
72 73 8 54 57
42 33 65 88 48
2 42 29 53 73
60 31 26 14 54
66 77 18 38 82
20 79 68 71 69
50 54 57 77 14
60 81 35 63 2
10 61 20 24 58
14 30 6 13 26
61 11 38 82 65
59 39 76 65 41
4 83 67 40 38
47 50 90 58 8
28 77 3 83 82
88 63 23 18 17
12 19 62 15 63
66 30 24 29 12
86 31 8 5 1
45 58 21 30 39
82 29 69 44 40
44 67 35 23 34
30 15 38 59 33
43 33 39 54 51
88 14 63 13 20
38 36 9 7 67
53 73 25 71 9
81 72 63 71 47
10 46 75 68 51
27 49 14 73 8
17 30 27 21 57
41 76 35 33 67
19 36 56 45 32
38 4 78 23 7
21 67 75 13 83
64 50 36 22 88
63 48 43 16 68
67 23 15 43 52
15 10 29 62 30
14 22 46 80 26
4 59 76 12 45
6 77 27 14 81
7 78 42 24 17
46 55 18 14 65
15 29 65 67 59
19 78 52 46 9
70 54 84 33 7
13 69 47 15 30
59 19 79 69 44
74 51 53 26 24
10 71 46 25 38
8 66 44 27 67
68 22 21 7 43
28 55 32 65 15
3 81 29 59 42
35 44 31 70 8
62 16 13 19 36
12 17 38 28 41
67 68 35 69 47
6 32 3 39 38
55 40 8 41 70
17 74 70 5 61
3 40 4 58 46
12 63 14 25 82
75 33 8 42 9
26 44 45 78 46
29 15 60 58 25
68 77 45 64 82
20 34 45 22 48
5 20 10 76 64
22 1 37 6 61
