4 1 69 58 18 41
4 37 19 2 20 36
47 61 41 1 7 28
43 19 36 54 39 33
53 24 48 51 30 69
48 34 3 20 75 28
10 14 68 78 52 18
48 29 73 61 77 12
18 3 37 23 35 25
25 61 80 24 43 31
40 27 28 37 73 69
39 6 38 52 15 41
65 29 74 71 72 61
81 11 2 30 54 21
7 79 40 69 59 71
38 74 2 66 70 9
49 12 41 56 5 57
7 36 60 59 39 31
60 62 3 87 29 86
35 43 46 76 23 82
85 67 2 11 54 29
51 8 47 50 77 44
41 78 20 6 66 81
62 31 51 17 18 21
30 33 79 59 19 54
12 67 44 36 76 1
4 67 66 63 50 21
3 14 72 60 22 9
29 65 38 48 30 66
43 71 22 10 72 19
47 41 14 70 38 11
81 74 25 2 21 39
74 24 2 85 86 80
11 40 53 78 26 61
56 49 11 31 78 22
14 51 74 15 10 44
43 29 8 78 41 48
81 3 84 79 27 8
43 5 38 62 10 23
33 40 64 23 7 60
14 77 73 80 31 3
13 1 42 10 3 9
73 39 3 69 40 16
8 30 59 58 66 60
46 45 7 8 32 68
49 16 60 57 42 15
52 30 63 57 20 81
55 62 33 7 24 56
27 43 73 12 17 56
11 51 41 57 17 36
7 13 24 22 61 56
70 15 83 5 20 27
5 40 50 38 53 18
48 30 13 62 29 7
21 54 23 45 78 43
20 3 29 57 53 45
50 28 33 1 43 17
3 35 36 50 33 20
40 15 68 79 54 1
54 53 18 2 65 22
13 54 62 30 50 59
55 48 8 72 46 61
78 37 39 73 64 57
45 49 2 9 55 18
6 66 56 49 43 52
64 20 1 68 51 44
66 78 12 47 59 21
52 48 24 44 55 4
46 40 63 16 75 1
80 58 70 18 38 21
5 60 52 6 73 30
34 69 35 67 29 68
25 50 63 64 17 15
75 50 79 28 24 21
35 3 30 47 13 64
14 51 53 17 44 63
19 8 82 16 78 4
40 70 47 35 10 28
7 45 35 67 36 19
7 38 12 67 28 1
72 57 55 73 17 29
1 30 9 11 10 36
13 55 2 69 21 57
24 11 51 62 34 39
32 2 59 30 65 74
40 83 5 81 22 71
7 16 65 77 21 54
31 54 78 5 1 2
56 4 57 44 40 78
55 13 66 6 63 16
76 55 39 68 45 60
47 24 37 65 17 4
4 18 55 22 52 19
4 5 79 41 13 50
21 37 56 31 53 20
79 46 66 6 8 41
5 78 45 81 57 86
7 74 65 37 22 42
76 60 79 20 45 39
12 33 22 24 46 14
