664 334 567 542 748 384 577
81 517 261 379 735 441 363
191 341 30 848 617 650 663
236 438 82 769 235 684 160
750 622 261 603 197 178 321
311 696 581 4 93 223 47
517 722 463 138 37 302 680
620 279 462 349 217 205 209
112 175 855 837 161 848 236
722 410 380 40 183 322 769
79 502 753 228 466 309 781
719 333 442 214 170 629 634
330 712 13 818 620 652 546
219 29 88 653 742 351 422
514 162 647 468 422 567 600
697 139 370 544 170 488 91
181 174 701 210 444 20 602
555 379 686 44 73 616 601
308 545 53 150 491 527 259
98 805 497 736 374 380 61
195 383 181 491 407 335 289
360 365 497 504 571 510 524
769 338 395 58 260 436 100
517 250 746 668 805 626 134
705 334 746 413 707 795 94
482 597 218 801 196 716 524
268 713 586 477 819 337 771
115 398 388 240 488 182 160
28 449 196 890 105 151 63
653 400 285 95 276 82 357
592 461 19 512 615 660 509
834 647 360 43 843 869 580
327 403 474 444 346 51 382
443 304 386 549 274 188 414
445 435 687 527 96 363 357
154 401 509 334 42 552 657
153 588 793 246 826 512 115
480 522 125 135 317 8 95
765 254 399 230 802 801 375
227 682 641 421 413 487 598
82 371 257 612 206 252 193
335 394 52 462 448 706 349
281 693 334 480 625 188 638
840 222 48 149 432 839 556
237 450 321 111 188 165 252
856 94 385 209 835 821 300
642 448 310 38 608 154 847
753 475 459 530 533 799 141
629 545 354 119 566 84 51
424 178 64 346 634 146 4
145 598 193 340 265 404 490
237 686 160 511 297 459 141
523 760 456 60 507 256 51
795 606 440 721 623 701 693
750 513 56 202 75 563 742
20 327 84 294 766 608 691
904 328 697 100 622 193 794
97 405 799 249 432 185 615
533 332 647 5 348 457 279
363 514 149 723 170 642 702
198 239 614 589 395 431 552
517 424 453 168 473 568 469
173 733 590 690 287 769 122
27 785 696 779 83 265 47
63 320 75 190 556 6 623
416 472 257 368 248 573 548
201 481 593 514 488 167 438
179 293 404 668 687 281 660
174 197 567 348 224 35 475
558 479 127 149 695 135 461
12 239 344 258 478 404 21
501 28 183 738 343 230 362
749 145 627 154 201 514 791
401 638 696 578 608 88 490
371 90 742 518 120 279 789
390 218 588 133 758 633 392
247 205 595 140 342 23 138
640 769 598 405 760 231 215
817 749 439 535 322 429 815
617 523 441 348 251 219 334
432 22 115 850 246 632 427
667 9 163 752 587 135 551
652 146 669 670 152 736 10
186 274 717 835 765 288 680
255 695 678 122 703 821 834
205 628 407 508 563 106 397
63 128 44 717 625 618 332
70 68 508 303 695 179 544
608 580 429 883 804 535 592
384 611 373 15 80 32 70
259 688 665 208 300 639 207
165 17 855 708 474 344 592
145 724 398 216 444 336 598
153 179 581 55 30 746 440
601 133 804 330 100 158 671
770 745 464 449 510 760 30
440 581 645 90 254 648 187
169 187 474 523 552 584 235
460 506 212 407 512 718 353
805 262 775 611 68 776 270
